kinematics:
  shoulder:
    x: 0
    y: 0
    z: 0.1519504130954485
    roll: -0
    pitch: 0
    yaw: -2.188778124023738e-09
  upper_arm:
    x: -0.0001498001263095541
    y: 0
    z: 0
    roll: 1.569962620533118
    pitch: 0
    yaw: -1.005115512788773e-05
  forearm:
    x: -0.2439653412334516
    y: 0
    z: 0
    roll: 0.005411795602127224
    pitch: 0.002235337935907275
    yaw: -1.553842300213093e-05
  wrist_1:
    x: -0.2132154194947812
    y: -0.0008161766180046779
    z: 0.1312782046252823
    roll: 0.006217072397437346
    pitch: 2.640619849009745e-05
    yaw: 1.436584862178903e-05
  wrist_2:
    x: 0.0001392414084771241
    y: -0.08548741214759707
    z: -0.0001538705166458801
    roll: 1.572596245012273
    pitch: 0
    yaw: 2.842299713878143e-05
  wrist_3:
    x: -9.311652479156527e-05
    y: 0.09227800865566593
    z: 5.177663518665895e-06
    roll: 1.570852436192885
    pitch: 3.141592653589793
    yaw: -3.141592055980235
  hash: calib_9840874481906487721